1.05200004578
0.630999803543
0.513000011444
0.491000175476
0.385999917984
0.557999849319
0.404000043869
0.503999948502
0.447999954224
0.450000047684
0.493999958038
0.390000104904
0.490999937057
0.496000051498
0.479000091553
0.490000009537
0.40499997139
0.424000024796
0.400000095367
0.547000169754
0.467000007629
0.442000150681
0.476999998093
0.427000045776
0.47000002861
0.398999929428
0.510999917984
0.555999994278
0.466000080109
0.416000127792
0.439999818802
0.519999980927
0.53400015831
0.634000062943
0.519999980927
0.486999988556
0.53400015831
0.490999937057
0.515000104904
0.447999954224
0.59500002861
0.661000013351
0.504999876022
0.34500002861
0.509999990463
0.446000099182
0.552999973297
0.496000051498
0.509999990463
0.513000011444
0.378000020981
0.464999914169
0.503000020981
0.534999847412
0.473000049591
0.495000123978
0.466000080109
0.394999980927
0.568000078201
0.449000120163
0.516999959946
0.447000026703
0.546000003815
0.433000087738
0.46799993515
0.376000165939
0.348000049591
0.493000030518
0.388999938965
0.520999908447
0.440999984741
0.444000005722
0.447000026703
0.498999834061
0.414999961853
0.574000120163
0.460000038147
0.465000152588
0.430000066757
0.539999961853
0.540999889374
0.570000171661
0.52799987793
0.476999998093
0.47000002861
0.513999938965
0.502999782562
0.431999921799
0.494999885559
0.326000213623
0.460000038147
0.496000051498
0.494000196457
0.49799990654
0.434000015259
0.483999967575
0.411999940872
0.604000091553
0.421999931335
0.461000204086
0.453999996185
0.487999916077
0.514000177383
0.454999923706
0.404000043869
0.440999984741
0.421000003815
0.544999837875
0.537999868393
0.436000108719
0.546999931335
0.480000019073
0.446000099182
0.444000005722
0.480000019073
0.546999931335
0.438999891281
0.490999937057
0.358999967575
0.425000190735
0.592000007629
0.548000097275
0.342000007629
0.430000066757
0.474999904633
0.382999897003
0.52899980545
0.514999866486
0.43499994278
0.47100019455
0.549000024796
0.400000095367
0.351000070572
0.466000080109
0.489000082016
0.528000116348
0.648000001907
0.486999988556
0.448999881744
0.529000043869
0.449000120163
0.459999799728
0.4390001297
0.475999832153
0.446000099182
0.473999977112
0.494000196457
0.491000175476
0.479999780655
0.535000085831
0.463999986649
0.453999996185
0.460000038147
0.555999994278
0.486000061035
0.523000001907
0.498000144958
0.550999879837
0.520999908447
1.382999897
0.805999994278
0.578000068665
0.545000076294
0.483000040054
0.551000118256
0.570000171661
0.436000108719
0.483000040054
0.518999814987
0.410000085831
0.40299987793
0.5
0.513999938965
0.584000110626
0.583000183105
0.519999980927
0.485000133514
0.605000019073
0.483000040054
0.431999921799
0.523000001907
0.397000074387
0.53200006485
0.509999990463
0.408999919891
0.516000032425
0.495000123978
0.466000080109
0.495000123978
0.480000019073
0.56500005722
0.430999994278
0.434000015259
0.40399980545
0.370000123978
0.421000003815
0.40700006485
0.628999948502
0.513999938965
0.448000192642
0.421999931335
0.56500005722
0.509999990463
0.56500005722
0.480000019073
0.388999938965
0.485000133514
0.499000072479
0.483999967575
0.453999996185
0.429000139236
0.531999826431
0.432999849319
0.477999925613
0.502999782562
0.618999958038
0.40900015831
0.473000049591
1.00699996948
0.791000127792
0.44000005722
0.415000200272
0.410000085831
0.515000104904
0.381000041962
0.494999885559
0.524000167847
0.443000078201
0.384000062943
0.492000102997
0.438000202179
0.450999975204
0.448000192642
0.496999979019
0.49799990654
0.369999885559
0.529000043869
0.552999973297
0.440999984741
0.489000082016
0.440999984741
0.529000043869
0.516000032425
0.516999959946
0.472999811172
0.448000192642
0.489000082016
0.424000024796
0.503999948502
0.450999975204
0.506000041962
0.426999807358
0.546000003815
0.496000051498
1.36699986458
1.35799980164
0.713000059128
0.621999979019
0.617000102997
0.535000085831
0.46599984169
0.453000068665
0.524000167847
0.453999996185
0.557000160217
0.577000141144
0.484999895096
0.44000005722
0.572000026703
0.507000207901
0.453000068665
0.468999862671
0.447000026703
0.531000137329
0.549000024796
0.400000095367
0.467000007629
0.486999988556
0.558000087738
0.410000085831
0.426999807358
0.454999923706
0.514000177383
0.570999860764
0.493000030518
0.532999992371
0.340000152588
0.499000072479
0.357999801636
0.484999895096
0.453999996185
0.456000089645
0.456000089645
0.485000133514
0.436000108719
0.398999929428
0.50200009346
0.430000066757
0.420000076294
0.52999997139
0.476999998093
0.59299993515
0.462999820709
0.461999893188
0.503000020981
1.77799987793
0.789000034332
0.621999979019
0.43799996376
0.443000078201
0.575000047684
0.493999958038
0.517999887466
0.46799993515
0.462000131607
0.473999977112
0.484999895096
0.47100019455
0.435000181198
0.493000030518
0.424000024796
0.490999937057
1.38499999046
0.763000011444
0.666000127792
0.514000177383
0.454999923706
0.483000040054
0.451999902725
0.501000165939
0.410999774933
0.563999891281
0.411000013351
0.40499997139
0.446000099182
0.545000076294
0.440999984741
0.475999832153
0.56500005722
0.498000144958
0.970999956131
1.01399993896
0.569999933243
0.490999937057
0.470999956131
0.553000211716
0.427000045776
0.447999954224
0.469000101089
0.545000076294
0.426000118256
0.654000043869
0.552000045776
0.550000190735
0.452000141144
0.494999885559
0.47000002861
0.579999923706
0.445999860764
0.47000002861
0.440999984741
0.463000059128
0.369000196457
0.44100022316
0.506999969482
0.484000205994
0.480999946594
0.549000024796
0.568000078201
0.467000007629
0.511000156403
0.554999828339
0.388000011444
0.381999969482
0.457000017166
0.388000011444
0.520999908447
0.520999908447
0.474999904633
0.568000078201
0.503999948502
0.486000061035
0.588999986649
0.413000106812
0.595999956131
0.496000051498
0.62099981308
0.476999998093
0.445000171661
0.477999925613
0.406000137329
0.65299987793
0.506999969482
0.53200006485
0.496999979019
0.510999917984
0.479000091553
0.536000013351
0.568000078201
0.511000156403
0.388999938965
0.469000101089
0.473999977112
0.479000091553
0.446000099182
0.469999790192
0.47200012207
0.526000022888
0.510999917984
0.4390001297
0.470999956131
0.486000061035
0.486000061035
0.413999795914
0.453000068665
0.443000078201
0.388000011444
0.450999975204
0.568000078201
0.44000005722
0.487999916077
0.499000072479
0.493999958038
0.671000003815
0.474999904633
0.490000009537
0.390000104904
0.499000072479
0.522000074387
0.478999853134
0.416999816895
0.478999853134
0.615000009537
0.503999948502
0.554999828339
0.52899980545
0.544000148773
0.516000032425
0.496000051498
0.456000089645
0.442999839783
0.469000101089
0.473999977112
0.395999908447
0.478999853134
0.463000059128
0.451999902725
0.583999872208
0.491999864578
0.438000202179
0.442000150681
0.515000104904
0.503000020981
0.415999889374
0.462000131607
0.411999940872
0.509999990463
0.475999832153
0.493000030518
0.443000078201
0.464999914169
0.448999881744
0.473000049591
0.440999984741
0.538999795914
0.480999946594
0.394999980927
0.358999967575
0.447000026703
0.56200003624
0.516000032425
0.523000001907
0.471999883652
0.59099984169
0.476000070572
0.411000013351
0.473000049591
0.428999900818
0.5
0.457999944687
0.486999988556
0.490000009537
0.496000051498
0.5
0.483999967575
0.447000026703
0.444999933243
0.488999843597
0.407999992371
0.511999845505
0.514999866486
0.47100019455
0.543999910355
0.480000019073
0.501000165939
0.49799990654
0.544999837875
0.470999956131
0.666000127792
0.513999938965
0.456000089645
0.50200009346
0.478999853134
0.496999979019
0.405000209808
0.408999919891
0.411999940872
0.401000022888
0.455999851227
0.59500002861
0.604000091553
0.43700003624
0.475999832153
0.555999994278
0.672999858856
0.488999843597
0.612999916077
0.458000183105
0.467000007629
0.584000110626
0.542000055313
0.43499994278
0.381000041962
0.493000030518
0.487999916077
0.490999937057
0.5
0.489000082016
0.498000144958
0.490999937057
0.486000061035
0.513999938965
0.470999956131
0.544999837875
0.4359998703
0.453999996185
0.542000055313
0.475000143051
0.476999998093
0.549999952316
0.527000188828
0.457000017166
0.573999881744
0.453999996185
0.400000095367
0.43700003624
0.559000015259
0.453000068665
0.482999801636
0.53200006485
0.490999937057
0.523999929428
0.546999931335
0.450000047684
0.547999858856
0.450999975204
0.516000032425
0.488999843597
0.548999786377
0.476000070572
0.462999820709
0.614000082016
0.5
0.488000154495
0.411000013351
0.5640001297
0.634000062943
0.414000034332
0.432999849319
0.560000181198
0.495000123978
0.457000017166
0.455999851227
0.591000080109
0.422000169754
0.439999818802
0.536000013351
0.515000104904
0.433000087738
0.430000066757
0.473999977112
0.509999990463
0.457000017166
0.552000045776
0.496999979019
0.545000076294
0.496999979019
0.387000083923
0.513000011444
0.480000019073
0.477999925613
0.553000211716
0.546999931335
0.453999996185
0.523000001907
0.512000083923
0.419000148773
0.450999975204
0.545000076294
0.499000072479
0.572000026703
0.572000026703
0.528000116348
0.490999937057
0.705999851227
0.443000078201
0.517000198364
0.457000017166
0.518000125885
0.480000019073
0.462000131607
0.525000095367
0.422999858856
0.43799996376
0.526000022888
0.644000053406
0.43499994278
0.453999996185
0.448999881744
0.526000022888
0.498999834061
0.615999937057
0.443000078201
0.573999881744
0.598000049591
0.81299996376
0.47000002861
0.577999830246
0.673000097275
0.507999897003
0.499000072479
0.505000114441
1.3109998703
0.427999973297
0.505000114441
0.398000001907
0.467000007629
0.517000198364
0.43700003624
0.497000217438
0.490999937057
0.5
0.56200003624
0.498000144958
0.519999980927
0.536999940872
1.52399992943
0.461999893188
0.558000087738
1.21499991417
0.485000133514
0.576999902725
0.924999952316
0.546000003815
0.427000045776
0.602999925613
0.476000070572
0.50200009346
0.461999893188
0.493000030518
0.438999891281
0.518999814987
0.581000089645
0.34299993515
0.433000087738
0.473000049591
0.430999994278
0.532999992371
1.5720000267
0.535000085831
0.544000148773
0.503000020981
0.514999866486
0.578999996185
0.542999982834
0.46799993515
0.556999921799
0.603999853134
0.588000059128
0.513000011444
1.44899988174
0.589999914169
0.513999938965
0.46799993515
0.488999843597
1.41700005531
0.466000080109
0.476999998093
0.517999887466
0.40299987793
0.486999988556
0.59299993515
0.480000019073
0.471999883652
0.517999887466
1.43499994278
0.390000104904
0.450999975204
0.47000002861
0.568000078201
0.519999980927
0.598999977112
1.38899993896
0.429999828339
0.444000005722
0.59600019455
1.48500013351
0.434000015259
0.392000198364
0.519999980927
0.523000001907
1.46300005913
0.403000116348
0.490000009537
1.5119998455
0.519999980927
1.39800000191
0.558000087738
0.561000108719
0.544000148773
1.12199997902
0.537000179291
0.398000001907
1.37999987602
0.620000123978
0.546999931335
0.612999916077
0.642000198364
0.543000221252
0.450000047684
0.682999849319
0.444000005722
0.491000175476
0.52999997139
0.493999958038
1.19400000572
0.44000005722
0.492000102997
0.93799996376
0.433000087738
0.625999927521
0.52899980545
0.492000102997
1.54999995232
0.381999969482
0.541000127792
0.55999994278
0.447999954224
1.16700005531
0.509000062943
0.425999879837
1.2610001564
0.522000074387
0.527000188828
1.51399993896
0.533999919891
0.540999889374
0.399999856949
1.48300004005
0.496999979019
0.519999980927
0.585999965668
1.0609998703
0.43799996376
0.457999944687
0.482000112534
1.48999977112
0.457000017166
0.509000062943
0.466000080109
0.522000074387
0.534999847412
0.498999834061
0.516000032425
0.513000011444
0.55899977684
1.1890001297
0.52999997139
0.456000089645
0.538000106812
0.516000032425
0.588000059128
0.536999940872
0.519000053406
0.521000146866
0.569999933243
0.399999856949
0.417999982834
0.436000108719
0.499000072479
0.401000022888
1.51899981499
0.486000061035
0.490000009537
1.20399999619
0.484999895096
0.665999889374
0.836999893188
0.473000049591
0.490000009537
0.542999982834
0.519999980927
0.423000097275
1.0529999733
0.483000040054
0.355999946594
0.443000078201
0.447999954224
0.492000102997
0.489000082016
0.672000169754
0.574999809265
0.546000003815
0.533999919891
0.512000083923
0.496999979019
1.49000000954
0.535000085831
0.527000188828
1.47299981117
0.452999830246
0.542000055313
1.50300002098
0.455000162125
0.403000116348
0.617000102997
0.446999788284
0.418999910355
0.480999946594
0.49799990654
0.503999948502
0.495000123978
0.541000127792
0.43799996376
0.450999975204
0.480000019073
0.598000049591
0.508000135422
0.56200003624
1.37299990654
0.485999822617
0.513000011444
0.476999998093
0.505000114441
1.46700000763
0.486000061035
0.510999917984
0.561000108719
0.526000022888
1.40899991989
0.591000080109
0.535000085831
1.02400016785
0.526000022888
0.371999979019
0.373999834061
1.5569999218
0.526000022888
0.575000047684
0.552000045776
0.862999916077
0.532999992371
0.4359998703
0.482000112534
0.457999944687
1.38100004196
0.542999982834
0.50200009346
0.483999967575
0.411999940872
0.37299990654
0.411999940872
0.424999952316
0.825999975204
0.473000049591
0.572000026703
0.555000066757
1.18300008774
0.56500005722
0.517999887466
0.523000001907
0.364000082016
0.931999921799
0.526999950409
0.475999832153
0.474999904633
0.596999883652
0.449000120163
0.56299996376
0.976999998093
0.496999979019
0.544999837875
0.567000150681
0.474999904633
1.07699990273
0.466000080109
0.428999900818
0.526000022888
0.470999956131
0.596999883652
0.50200009346
0.439999818802
0.480999946594
0.542999982834
0.910000085831
0.646000146866
0.518000125885
1.56699991226
0.599999904633
1.1779999733
0.391999959946
1.28499984741
0.582000017166
0.513999938965
1.07899999619
0.449999809265
0.526999950409
0.400000095367
0.53200006485
0.928999900818
0.457000017166
0.482000112534
0.479000091553
0.438999891281
0.707999944687
0.510999917984
0.503000020981
0.461999893188
0.424999952316
0.508999824524
0.467000007629
0.496999979019
0.460000038147
0.506999969482
0.538000106812
0.593999862671
0.577000141144
0.469000101089
1.56900000572
0.487999916077
0.52999997139
0.414999961853
0.46599984169
0.799000024796
0.569000005722
0.697000026703
0.411000013351
1.42700004578
0.432000160217
0.628999948502
0.469000101089
1.39600014687
0.50200009346
0.369000196457
0.474999904633
0.858000040054
0.488999843597
0.379999876022
0.427999973297
0.551999807358
0.65499997139
0.390000104904
0.457999944687
0.463999986649
0.414000034332
0.474999904633
1.55200004578
0.525000095367
0.433000087738
0.582999944687
1.33400011063
0.422000169754
0.458999872208
0.421000003815
0.947999954224
0.571000099182
0.514999866486
0.483999967575
0.491999864578
0.536000013351
1.5759999752
0.382999897003
0.561000108719
1.55100011826
0.343999862671
0.535000085831
1.22499990463
0.46799993515
0.496999979019
1.13100004196
0.524999856949
0.496999979019
0.489999771118
0.393000125885
0.97000002861
0.339999914169
0.589000225067
0.447000026703
0.506000041962
0.526999950409
0.499000072479
0.434000015259
0.590000152588
0.842000007629
0.485000133514
0.610000133514
0.516999959946
1.60500001907
0.590000152588
0.568000078201
0.712999820709
0.430999994278
0.501999855042
1.33299994469
0.396000146866
0.412000179291
0.410000085831
0.805999994278
0.451999902725
0.480000019073
0.486999988556
0.448000192642
0.625
0.483999967575
0.479000091553
0.493000030518
0.483999967575
0.5
0.473999977112
0.416999816895
0.47200012207
0.350999832153
0.414000034332
0.477999925613
0.455999851227
1.46300005913
0.518000125885
0.513999938965
0.473999977112
1.38700008392
0.592000007629
0.638000011444
0.776999950409
0.463999986649
0.469000101089
0.524999856949
0.522999763489
0.610000133514
0.509000062943
0.542000055313
0.464999914169
0.517000198364
0.522000074387
0.834000110626
0.429000139236
0.549999952316
0.771000146866
0.455999851227
0.458000183105
0.514999866486
1.28299999237
0.384999990463
0.46799993515
1.45600008965
0.531000137329
1.50300002098
0.486999988556
1.39400005341
0.493000030518
1.3900001049
0.474999904633
0.557999849319
1.61100006104
0.462000131607
1.367000103
0.576999902725
0.545000076294
0.436999797821
0.528000116348
0.427999973297
0.898000001907
0.493000030518
0.489000082016
1.54999995232
0.457999944687
1.35000014305
0.539999961853
0.398000001907
0.868999958038
0.503000020981
0.40700006485
0.406000137329
0.572000026703
0.662999868393
0.605000019073
1.6210000515
0.496999979019
1.132999897
0.49799990654
0.572000026703
0.482000112534
0.628000020981
0.889999866486
0.773000001907
0.858999967575
1.74099993706
0.594000101089
0.383000135422
0.56299996376
0.674000024796
0.595999956131
0.776999950409
0.733999967575
0.851999998093
0.788000106812
0.502999782562
1.30900001526
0.781999826431
0.40900015831
0.674000024796
0.69000005722
1.60199999809
0.653000116348
0.713000059128
1.66100001335
1.64400005341
0.711999893188
0.78400015831
1.35599994659
1.03400015831
0.903000116348
0.519000053406
1.42100000381
0.661000013351
0.983000040054
1.74199986458
0.839999914169
0.739000082016
1.08899998665
1.65300011635
0.829999923706
0.713999986649
1.23400020599
1.45599985123
0.808000087738
0.591000080109
1.69099998474
0.761000156403
0.758000135422
1.22699999809
1.76099991798
0.738000154495
0.62299990654
1.64199995995
1.35400009155
0.697999954224
0.661999940872
1.34800004959
0.710999965668
0.626999855042
1.5759999752
0.666999816895
0.811000108719
1.72299981117
0.880000114441
0.930000066757
0.635999917984
1.66399979591
0.901000022888
0.678999900818
1.52400016785
1.35699987411
0.853000164032
0.636999845505
1.58599996567
0.802000045776
0.620000123978
1.86900019646
1.63700008392
0.861000061035
0.544999837875
1.76399993896
0.947000026703
0.748000144958
1.28600001335
1.66400003433
0.754999876022
0.68499994278
1.33899998665
0.917000055313
0.618999958038
1.55599999428
0.878999948502
0.763000011444
0.757999897003
1.72099995613
0.920000076294
0.849999904633
0.526999950409
1.18400001526
0.65499997139
0.914000034332
1.43700003624
0.666000127792
1.10400009155
0.664000034332
0.817000150681
1.22099995613
1.5569999218
0.843999862671
0.842000007629
0.913000106812
1.81100010872
1.31599998474
0.788999795914
0.617000102997
1.57400012016
0.711999893188
0.917000055313
1.35699987411
1.76300001144
1.21600008011
0.631999969482
1.37900018692
1.24699997902
0.693000078201
1.05900001526
1.78100013733
0.950000047684
0.792999982834
1.00699996948
1.60299992561
0.610999822617
0.743000030518
1.67700004578
1.18799996376
0.644000053406
1.49199986458
1.74399995804
0.77899980545
0.526000022888
1.86500000954
1.3109998703
0.753999948502
0.884999990463
1.6400001049
0.980000019073
0.552000045776
1.73300004005
1.74900007248
0.822999954224
0.930999994278
0.680999994278
1.44400000572
1.79099988937
1.18700003624
0.790999889374
0.708999872208
1.76900005341
1.64499998093
0.889999866486
0.87299990654
0.940999984741
1.81599998474
1.04500007629
0.878999948502
0.744999885559
1.28999996185
1.40100002289
0.924000024796
0.65700006485
1.63199996948
0.684000015259
0.526000022888
1.71399998665
0.648000001907
0.680999994278
1.62699985504
0.773000001907
0.665999889374
1.54999995232
1.09400010109
0.591000080109
1.32299995422
0.5640001297
0.518999814987
1.7429997921
0.905000209808
0.610000133514
1.33299994469
0.957000017166
0.769000053406
1.02600002289
1.03900003433
0.707000017166
0.775000095367
1.05799984932
0.75400018692
0.960999965668
1.53700017929
0.587000131607
1.03200006485
1.36400008202
0.669999837875
0.993000030518
1.63300013542
0.635999917984
0.678999900818
1.51399993896
0.740000009537
0.729000091553
1.48699998856
0.59600019455
0.953000068665
1.75999999046
0.738999843597
1.65199995041
1.03400015831
0.651999950409
1.82100009918
1.00099992752
0.707999944687
1.23000001907
1.16300010681
0.886000156403
0.65399980545
1.64200019836
0.625999927521
0.786000013351
1.13900017738
1.4889998436
0.729000091553
0.574000120163
1.59699988365
0.769000053406
0.800999879837
1.26600003242
1.39499998093
0.929999828339
0.948999881744
0.769999980927
1.51600003242
1.52800011635
0.733999967575
0.741999864578
1.5490000248
1.03200006485
0.770999908447
0.68499994278
1.81399989128
0.650000095367
0.634000062943
1.76399993896
0.733999967575
0.721999883652
1.14899992943
1.11199998856
0.835999965668
0.968000173569
0.958999872208
1.0680000782
0.779000043869
1.06299996376
1.52500009537
0.740999937057
0.899999856949
0.905999898911
1.742000103
0.791000127792
0.698999881744
1.31599998474
1.26099991798
0.87700009346
0.796999931335
0.993999958038
1.48099994659
0.821000099182
0.611000061035
1.70799994469
0.8140001297
0.831999778748
0.962999820709
1.53600001335
0.787999868393
0.733000040054
1.27499985695
0.736000061035
0.662999868393
1.60000014305
0.740000009537
0.509000062943
1.35500001907
0.593999862671
1.15100002289
1.15699982643
0.837999820709
0.551999807358
1.66499996185
0.741999864578
0.519000053406
1.74000000954
0.509000062943
0.866999864578
0.636999845505
0.575000047684
1.6360001564
0.794000148773
0.644999980927
1.59400010109
0.81299996376
0.615000009537
1.56399989128
1.61500000954
0.735999822617
0.766000032425
1.55500006676
0.81200003624
0.839999914169
0.827999830246
1.31900000572
0.807000160217
0.697000026703
1.52300000191
0.684000015259
0.97000002861
1.66000008583
0.771999835968
0.731999874115
1.54200005531
0.84500002861
0.782999992371
0.930999994278
1.0529999733
0.706000089645
1.04400014877
0.613999843597
0.640999794006
1.56999993324
0.816999912262
0.484999895096
1.81900000572
0.81200003624
0.623999834061
1.51699995995
1.06599998474
0.716000080109
0.987999916077
1.42600011826
0.894000053406
0.697999954224
1.73000001907
1.09599995613
0.618000030518
1.14699983597
1.15799999237
0.608000040054
1.15000009537
1.71099996567
0.768000125885
0.825999975204
1.07000017166
1.79699993134
0.757999897003
0.585000038147
1.61500000954
0.782999992371
0.759999990463
1.42200016975
0.618999958038
0.697999954224
1.61600017548
1.32500004768
0.758000135422
0.59099984169
1.0490000248
0.81299996376
0.77799987793
1.33299994469
0.924000024796
0.799999952316
0.976999998093
0.65499997139
0.787999868393
1.1970000267
1.64199995995
0.72100019455
0.661999940872
1.56299996376
0.801000118256
0.868000030518
1.26700019836
1.67100000381
0.707000017166
0.862999916077
0.961999893188
0.930000066757
0.642999887466
1.37199997902
0.861999988556
0.845999956131
0.654000043869
1.83000016212
1.6400001049
0.675999879837
0.74799990654
1.61699986458
0.820999860764
0.875
0.743999958038
1.64800000191
1.41300010681
0.753000020981
1.04000020027
1.73300004005
1.47599983215
0.917000055313
0.5609998703
1.83200001717
1.73000001907
0.87299990654
0.539999961853
1.34100008011
0.701999902725
0.715000152588
1.56700015068
0.842000007629
0.766999959946
1.01699995995
0.736999988556
0.621000051498
1.77800011635
1.65499997139
1.24899983406
0.746000051498
0.539999961853
1.12799978256
0.833999872208
0.609999895096
1.70399999619
0.944000005722
0.700999975204
1.28499984741
1.62400007248
0.910000085831
0.723000049591
1.39800000191
0.914999961853
0.741000175476
0.664000034332
1.40000009537
0.921000003815
0.703999996185
1.59200000763
0.898000001907
0.640000104904
1.54200005531
1.46499991417
0.480000019073
1.26800012589
0.824000120163
0.719999790192
0.861000061035
1.22699999809
0.740000009537
0.648999929428
1.68400001526
0.790000200272
0.644999980927
1.29100012779
1.0569999218
0.590000152588
1.72699999809
0.621999979019
0.674000024796
1.36699986458
1.31399989128
0.873999834061
0.844000101089
1.51999998093
0.6859998703
0.674999952316
1.48300004005
0.888000011444
0.585999965668
1.42000007629
0.763000011444
0.695999860764
1.62999987602
1.71799993515
0.828000068665
0.854999780655
1.10899996758
1.58100008965
0.727999925613
0.904000043869
0.831000089645
1.73699998856
1.23200011253
0.743000030518
0.910000085831
1.74799990654
0.754999876022
0.62700009346
1.59999990463
0.773000001907
0.605000019073
1.62800002098
0.678999900818
0.691999912262
0.749000072479
0.725999832153
1.53299999237
1.08700013161
1.13599991798
1.10100007057
